.Random.seed <-
c(403L, 1L, 1176371529L, 860995579L, -1525750838L, -547947220L, 
-359165649L, 1837219813L, 963976860L, 965405426L, 1511230317L, 
-1327041369L, -399741234L, 738493480L, 351098923L, 1179458121L, 
2119349080L, -625983994L, -253720607L, 2102383987L, 2027863522L, 
1545498964L, 727777367L, -1115272115L, 2010660836L, 347114954L, 
72668213L, -1985531249L, 19721110L, -670632128L, -509027837L, 
325615649L, 1739909904L, 235735278L, 920922265L, 2062966059L, 
1333203994L, 2066515676L, -1215467809L, 752486581L, -182829492L, 
1821418146L, 2087889405L, -713825545L, 1266287646L, 1273106136L, 
-981487045L, -514093095L, -1492724376L, 1048388758L, 1405772305L, 
-1677583421L, -508934190L, 2076832356L, 1853198759L, 488042237L, 
-1495983372L, -1148801574L, 2085511461L, 876542015L, 704280518L, 
993971280L, -1929535373L, -535219055L, 279020736L, 1336133278L, 
1953544809L, -56280421L, 984856490L, -7674932L, 1683488399L, 
596909765L, -1896065412L, -402539822L, 1935232589L, -2131827961L, 
-2143451410L, -1425595448L, -1282829109L, 398413097L, -542868104L, 
1767965350L, 28746945L, 1616672083L, 1415606786L, 1692527412L, 
2095909047L, 221139117L, 376376772L, -1511916054L, -907697579L, 
1940753391L, 234679286L, -45122272L, 1027543779L, 2042299265L, 
-1012230672L, 911223950L, -1612688391L, 576287115L, -207802950L, 
2020062396L, 613623807L, 189597013L, 1759057516L, 806085314L, 
-720394979L, -289547369L, 468176638L, -351490888L, -986988901L, 
-1186403079L, 1395871304L, 243607926L, -407187279L, -780385053L, 
-353496142L, -1154946044L, 660074311L, 1884644893L, -1801962348L, 
-579589062L, 197281413L, -1577207969L, -1291347994L, -1692771728L, 
916139411L, 1217747505L, 1482528992L, -501960322L, 526726153L, 
-251661253L, 58677770L, -1658035732L, -1328892305L, 444447141L, 
-1119305380L, 1755847986L, -2074049491L, 331021031L, 699297806L, 
-163036696L, -1876294677L, -1171989367L, -421427176L, -522373306L, 
912647585L, 1525709875L, -1049816670L, -974682988L, 1648669463L, 
-459670259L, -586548188L, 1408896010L, -480284299L, 1301121231L, 
-305353770L, -1354062976L, -668354621L, -1714511519L, 1780492240L, 
208686L, -1734389031L, -2022002453L, -1025121958L, -866088164L, 
-260833761L, 769967733L, -684068084L, 1882861282L, -1710750787L, 
268481591L, -983689506L, -157490664L, 2135321979L, 969549081L, 
-480856L, -1559159466L, -1248862767L, 1841157507L, -511996910L, 
1163929508L, 2110742375L, -1905845059L, 272645172L, 438275994L, 
530631653L, 1514604415L, 597145350L, -342130544L, -997336781L, 
1457729233L, -559195008L, -1910649506L, 183698089L, 1034833243L, 
1415663466L, -623688180L, 1032343119L, 316064517L, 1311855548L, 
988505746L, 1948050829L, 2080159175L, 679102126L, 1066594056L, 
1319857419L, -1377514519L, -561156936L, 87223142L, -121028607L, 
800018067L, -1599778494L, 464092916L, -644871433L, -612173075L, 
-276171388L, 398375850L, 1079730453L, 676637615L, -701951050L, 
-1493702176L, 336251171L, -918135231L, -187363024L, 1218872142L, 
-1265260103L, -89107509L, 2117912698L, -1804540772L, 455056914L, 
473214848L, -2090097132L, 1717879336L, 1688096058L, -1061920304L, 
691264620L, -2119173836L, -339612014L, 637367136L, 26518348L, 
-130648096L, 2127820706L, -1340180568L, -715731572L, 1076965564L, 
853602674L, -1178407696L, 635678788L, -428287656L, -475554246L, 
-974382224L, 333879356L, -933267692L, -2032247358L, -1508486432L, 
-1170329732L, 1511808720L, 938146L, -321731544L, 244401420L, 
-1796452420L, 1483305266L, -323800640L, 893819444L, 1708995528L, 
1690833082L, 366446992L, 1739975148L, -1182508460L, -1324586862L, 
-318814432L, 1259483596L, 786269664L, -1556719934L, 555113512L, 
1687132844L, -326658884L, -1401052686L, 877617456L, 987110564L, 
-2096312648L, 624733530L, 489885072L, -992281732L, -1497693932L, 
317985602L, -117298432L, 624760764L, 47908688L, -553340126L, 
-610929336L, 1047265804L, -644491172L, -172526382L, -598711808L, 
-157919916L, -897277464L, 1972882426L, 1070600400L, -728691412L, 
-1150762252L, -274468462L, 67847264L, -500822772L, 1194803936L, 
1384124770L, 1092319912L, 270131788L, -761271940L, 874782002L, 
-412008336L, 542908228L, -2146183720L, 448142458L, -489370064L, 
-1923738948L, 1898256212L, 150664258L, -489792096L, -669332804L, 
-744140336L, 1397216610L, 15122408L, 1774436300L, 1543612156L, 
158005746L, 1413410944L, 1772526836L, -761561464L, 1376530234L, 
-2095826096L, 2133630572L, 1822865556L, -366581422L, -1989650720L, 
-1442686260L, 1305489568L, -2120770686L, -1857744152L, 765489900L, 
412699708L, -10917262L, 911344752L, -563397084L, -1522156488L, 
1172473882L, 1157003984L, -438252484L, -1403566956L, -1193894782L, 
1856405440L, -184536772L, -1032496496L, 155575330L, -893975544L, 
-1903753076L, -356338660L, -294572398L, -832617344L, -17887212L, 
729931048L, 74165818L, 717393104L, 733840492L, 924558004L, 550342674L, 
-1029515296L, -1343367220L, 25148896L, -2126580190L, 757129512L, 
-981919476L, -2039380420L, 1826779378L, 1539220208L, -1124465852L, 
-1088990632L, -716383686L, 635731696L, 1776624828L, 854398484L, 
1608284354L, 807336032L, -1955113604L, 587502800L, -844391390L, 
-983965016L, 293541772L, 1181512124L, -104139726L, 814905152L, 
-51439436L, 677088072L, 992631482L, 268982032L, 1589453036L, 
686441556L, 15503122L, 1527225248L, -1890717748L, -1851716768L, 
913395906L, 889480744L, -944749140L, 859152188L, 125228914L, 
1859889968L, 1238839844L, -1259055048L, -547560230L, -1740461680L, 
1419593468L, -1963782252L, 1687210818L, -285892096L, -2110268868L, 
1741569616L, 258308770L, 1357749064L, -1830501876L, -1150165796L, 
1351453266L, -257742720L, -985478316L, -1651287576L, 157317882L, 
-1510340784L, 1196211244L, -313031308L, 66754194L, -1585943968L, 
1106227852L, -771470496L, -848588062L, 887029928L, 1559900364L, 
359168508L, 2138267570L, 127174128L, 970261956L, 1807265624L, 
-1531274374L, 674272688L, 995457468L, -1427613612L, 1419537346L, 
1372914464L, -1331265604L, -682202544L, -1488560670L, 1946718568L, 
990952780L, 1166727420L, -339397902L, -183253248L, -632964204L, 
-1215320155L, 1999552687L, 1352433000L, 1422343494L, -584262413L, 
-1989852587L, -1359520206L, -1153860608L, 1716064489L, 412919643L, 
-1413160532L, -1393507910L, -1754800273L, -2100346631L, 1157043598L, 
1927841884L, -730584371L, -1261138377L, -61655872L, -2063676514L, 
1035483243L, -1243818003L, -1795491238L, -1337533160L, 1005398657L, 
-225961933L, 878132820L, 172202594L, -1487311625L, -169617599L, 
-366471738L, -620017916L, -1052077387L, -973697633L, -1081507336L, 
8015830L, -1723250077L, 2022617637L, -1433445950L, -829628752L, 
1836132057L, -1224630197L, -699384132L, 1436249322L, 9894175L, 
1075849641L, -1349284034L, -1061332436L, 55683197L, 107911879L, 
-114826320L, -1854835250L, -1868691717L, 1579744605L, 79001226L, 
-1270115160L, -66924527L, -819003133L, -1418040316L, 1098556466L, 
118606983L, -327735087L, -2065593770L, -142126540L, 217569605L, 
-53165169L, 1214662408L, -1906642650L, -328183341L, 813333301L, 
1396816530L, -1982357920L, 1093658569L, 473552635L, 1067645132L, 
264384858L, -1667187633L, 864858393L, -846836946L, -1584114372L, 
-1743236435L, -321491625L, -972714848L, -1242732034L, -351390517L, 
-951917875L, 853114362L, 300371512L, -496348191L, -1011417965L, 
1340724916L, -410874942L, -1371410473L, 1743781921L, -2072590362L, 
874660580L, -888629739L, 1428024895L, -1597997608L, -957414410L, 
-1037992957L, -523989179L, -1652659358L, 1308734672L, 881238009L, 
-1163885781L, 1936943260L, 44984010L, 1885847487L, -758895863L, 
-320601058L, 2032258508L, 119072669L, 715387431L, 1794646096L, 
-110057234L, -2121484901L, 1230896125L, 368756458L, -47337080L, 
1390059313L, 636145571L, 1305069476L, -588565934L, -1465849433L, 
-1393574415L, 670574902L, -1723489836L, 1115031397L, -281905297L, 
602085800L, 1159192326L, -217511373L, 135960725L, -2032039694L, 
1185952064L, -1457914199L, -735090917L, 76222700L, 2012359930L, 
686015791L, 1532895545L, 1327498062L, -824403556L, -382225651L, 
351335799L, 910573952L, -1789159458L, 121868459L, 1384354733L, 
